2347
10002 40003 2.397978 0.000000
10002 40003 2.576707 0.000000
10002 50004 0.671243 0.000000
10002 50004 0.702358 0.000000
10002 60005 0.223675 0.000000
10002 60005 0.255045 0.000000
10002 70006 0.142834 0.000000
10002 80007 0.073312 0.000000
10002 90008 0.052368 0.000000
10002 90008 0.044081 0.000000
10002 100009 0.040651 0.000000
10002 110010 0.032854 0.000000
10002 110010 0.013149 0.000000
10004 100007 0.871274 0.000000
10004 120009 0.335309 0.000000
10004 130010 0.211349 0.000000
10004 130010 0.191223 0.000000
10004 140011 0.190508 0.000000
10004 140011 0.138730 0.000000
10004 160013 0.079806 0.000000
10004 170014 0.050019 0.000000
10004 180015 0.029593 0.000000
10004 180015 0.029957 0.000000
10004 190016 0.049656 0.000000
10004 200017 0.038933 0.000000
10004 200017 0.039071 0.000000
10004 210018 0.012980 0.000000
10004 210018 0.026114 0.000000
10004 220019 0.028811 0.000000
10004 230020 0.009663 0.000000
10004 230020 0.014862 0.000000
10008 220015 0.350150 0.000000
10008 400033 0.013766 0.000000
10008 430036 0.022034 0.000000
10008 430036 0.003669 0.000000
10010 360027 0.022855 0.000000
10010 360027 0.049716 0.000000
10010 400031 0.026096 0.000000
10010 400031 0.004579 0.000000
10010 440035 0.004987 0.000000
10010 440035 0.006866 0.000000
10010 480039 0.022798 0.000000
10010 480039 0.015761 0.000000
10012 400029 0.065018 0.000000
10012 400029 0.069347 0.000000
10012 410030 0.035241 0.000000
10012 410030 0.054804 0.000000
10012 420031 0.021002 0.000000
10012 420031 0.010625 0.000000
10012 430032 0.023050 0.000000
10012 430032 0.018407 0.000000
10012 440033 0.022184 0.000000
10012 440033 0.032629 0.000000
10012 450034 0.024321 0.000000
10012 450034 0.040211 0.000000
10012 460035 0.003121 0.000000
10012 460035 0.018243 0.000000
10012 470036 0.028903 0.000000
10012 470036 0.005239 0.000000
10012 480037 0.001361 0.000000
10012 480037 0.018875 0.000000
10014 380025 0.149947 0.000000
10014 380025 0.166158 0.000000
10014 390026 0.122074 0.000000
10014 390026 0.137047 0.000000
10014 400027 0.095304 0.000000
10014 400027 0.093108 0.000000
10014 410028 0.091642 0.000000
10014 410028 0.078922 0.000000
10014 420029 0.060931 0.000000
10014 420029 0.086807 0.000000
10014 430030 0.072713 0.000000
10014 430030 0.056787 0.000000
10014 440031 0.063765 0.000000
10014 440031 0.052400 0.000000
10014 450032 0.057936 0.000000
10014 450032 0.012159 0.000000
10014 490036 0.047645 0.000000
10014 490036 0.031453 0.000000
10020 550036 0.077641 0.000000
10020 550036 0.108700 0.000000
10021 690049 0.012468 0.000000
10021 690049 0.021096 0.000000
10021 700050 0.015973 0.000000
10021 700050 0.020658 0.000000
10021 710051 0.009274 0.000000
10021 710051 0.010253 0.000000
10022 700049 0.015270 0.000000
10022 710050 0.001339 0.000000
10022 710050 0.031120 0.000000
10022 720051 0.009420 0.000000
20003 50004 2.846250 0.000000
20003 50004 2.740475 0.000000
20003 60005 0.672481 0.000000
20003 60005 0.726412 0.000000
20003 70006 0.226958 0.000000
20003 70006 0.300089 0.000000
20003 80007 0.138678 0.000000
20003 90008 0.091956 0.000000
20003 100009 0.042502 0.000000
20003 100009 0.060355 0.000000
20003 110010 0.028028 0.000000
20003 120011 0.035622 0.000000
20003 120011 0.033613 0.000000
20009 230016 0.369724 0.000000
20009 390032 0.008325 0.000000
20009 390032 0.002945 0.000000
20009 420035 0.014321 0.000000
20009 450038 0.015975 0.000000
20009 450038 0.007464 0.000000
20009 480041 0.007177 0.000000
20011 350026 0.053020 0.000000
20011 350026 0.066657 0.000000
20011 390030 0.048403 0.000000
20011 390030 0.001537 0.000000
20011 430034 0.030051 0.000000
20011 430034 0.013364 0.000000
20011 470038 0.017379 0.000000
20011 470038 0.034072 0.000000
20013 390028 0.070260 0.000000
20013 390028 0.077279 0.000000
20013 400029 0.072937 0.000000
20013 400029 0.049760 0.000000
20013 410030 0.038256 0.000000
20013 410030 0.066312 0.000000
20013 420031 0.044343 0.000000
20013 420031 0.044116 0.000000
20013 430032 0.045908 0.000000
20013 430032 0.035049 0.000000
20013 440033 0.020698 0.000000
20013 440033 0.047457 0.000000
20013 450034 0.021715 0.000000
20013 450034 0.029257 0.000000
20013 460035 0.017957 0.000000
20013 460035 0.025213 0.000000
20013 470036 0.010034 0.000000
20013 470036 0.003926 0.000000
20013 480037 0.004633 0.000000
20013 480037 0.028726 0.000000
20015 380025 0.186449 0.000000
20015 380025 0.197140 0.000000
20015 390026 0.146989 0.000000
20015 390026 0.160883 0.000000
20015 400027 0.124084 0.000000
20015 400027 0.112834 0.000000
20015 410028 0.114569 0.000000
20015 410028 0.114119 0.000000
20015 420029 0.068585 0.000000
20015 420029 0.112994 0.000000
20015 430030 0.058471 0.000000
20015 430030 0.082602 0.000000
20015 440031 0.050143 0.000000
20015 440031 0.055104 0.000000
20015 490036 0.023986 0.000000
20015 490036 0.025360 0.000000
20022 690049 0.029950 0.000000
20022 690049 0.006999 0.000000
20022 700050 0.013584 0.000000
20022 700050 0.011397 0.000000
20022 710051 0.025157 0.000000
20022 710051 0.004021 0.000000
20022 720052 0.003010 0.000000
20022 720052 0.003860 0.000000
20023 700049 0.015587 0.000000
20023 700049 0.017400 0.000000
20023 710050 0.023338 0.000000
20023 720051 0.019145 0.000000
30004 60005 2.580325 0.000000
30004 60005 2.552889 0.000000
30004 70006 0.661882 0.000000
30004 70006 0.715081 0.000000
30004 80007 0.247735 0.000000
30004 80007 0.297701 0.000000
30004 90008 0.120325 0.000000
30004 100009 0.083292 0.000000
30004 110010 0.070391 0.000000
30004 120011 0.016665 0.000000
30004 130012 0.017722 0.000000
30004 130012 0.026970 0.000000
30006 120009 0.932948 0.000000
30006 130010 0.498836 0.000000
30006 140011 0.306571 0.000000
30006 150012 0.206721 0.000000
30006 150012 0.222428 0.000000
30006 160013 0.133860 0.000000
30006 160013 0.152761 0.000000
30006 170014 0.081605 0.000000
30006 180015 0.088738 0.000000
30006 180015 0.069680 0.000000
30006 190016 0.064765 0.000000
30006 200017 0.058226 0.000000
30006 220019 0.058373 0.000000
30006 230020 0.042757 0.000000
30006 230020 0.030634 0.000000
30006 240021 0.020507 0.000000
30006 240021 0.047754 0.000000
30010 240017 0.431888 0.000000
30010 240017 0.434374 0.000000
30010 380031 0.014795 0.000000
30010 380031 0.013148 0.000000
30010 410034 0.018938 0.000000
30010 440037 0.000489 0.000000
30010 470040 0.001024 0.000000
30012 340025 0.083450 0.000000
30012 340025 0.097305 0.000000
30012 380029 0.053993 0.000000
30012 380029 0.030867 0.000000
30012 420033 0.040863 0.000000
30012 420033 0.013869 0.000000
30014 380027 0.097375 0.000000
30014 380027 0.078932 0.000000
30014 390028 0.058969 0.000000
30014 390028 0.081735 0.000000
30014 400029 0.056316 0.000000
30014 400029 0.053201 0.000000
30014 410030 0.054583 0.000000
30014 410030 0.071515 0.000000
30014 420031 0.046179 0.000000
30014 420031 0.048383 0.000000
30014 430032 0.051262 0.000000
30014 430032 0.043039 0.000000
30014 440033 0.050894 0.000000
30014 440033 0.050160 0.000000
30014 450034 0.043025 0.000000
30014 450034 0.042135 0.000000
30014 460035 0.024034 0.000000
30014 460035 0.029950 0.000000
30014 470036 0.020755 0.000000
30016 380025 0.253461 0.000000
30016 380025 0.236978 0.000000
30016 390026 0.200423 0.000000
30016 390026 0.208023 0.000000
30016 400027 0.134640 0.000000
30016 400027 0.151071 0.000000
30016 410028 0.097680 0.000000
30016 410028 0.140527 0.000000
30016 420029 0.089455 0.000000
30016 420029 0.088134 0.000000
30016 430030 0.093933 0.000000
30016 430030 0.102396 0.000000
30016 490036 0.047075 0.000000
30016 490036 0.041412 0.000000
30023 690049 0.009588 0.000000
30023 690049 0.019929 0.000000
30023 700050 0.023207 0.000000
30023 700050 0.028389 0.000000
30023 720052 0.020776 0.000000
30023 720052 0.009341 0.000000
30024 700049 0.025393 0.000000
30024 700049 0.017795 0.000000
30024 710050 0.017609 0.000000
30024 710050 0.030934 0.000000
30024 720051 0.023271 0.000000
30024 720051 0.021148 0.000000
40005 70006 2.640133 0.000000
40005 70006 2.601968 0.000000
40005 80007 0.730709 0.000000
40005 80007 0.681817 0.000000
40005 90008 0.242839 0.000000
40005 90008 0.292748 0.000000
40005 100009 0.147393 0.000000
40005 110010 0.080296 0.000000
40005 120011 0.057821 0.000000
40005 120011 0.053561 0.000000
40005 130012 0.015938 0.000000
40005 140013 0.041438 0.000000
40005 140013 0.008613 0.000000
40011 370030 0.016340 0.000000
40011 370030 0.025321 0.000000
40011 400033 0.003586 0.000000
40011 400033 0.032344 0.000000
40011 430036 0.010367 0.000000
40011 460039 0.007765 0.000000
40013 370028 0.062300 0.000000
40013 410032 0.021205 0.000000
40013 450036 0.026510 0.000000
40015 370026 0.160638 0.000000
40015 380027 0.140974 0.000000
40015 390028 0.098123 0.000000
40015 400029 0.096859 0.000000
40015 410030 0.069993 0.000000
40015 420031 0.038973 0.000000
40015 430032 0.066186 0.000000
40015 440033 0.037370 0.000000
40015 450034 0.042662 0.000000
40015 460035 0.061990 0.000000
40015 460035 0.044326 0.000000
40017 380025 0.314795 0.000000
40017 380025 0.297099 0.000000
40017 390026 0.278345 0.000000
40017 390026 0.230966 0.000000
40017 400027 0.190931 0.000000
40017 400027 0.193965 0.000000
40017 410028 0.167671 0.000000
40017 410028 0.172023 0.000000
40017 420029 0.137661 0.000000
40017 420029 0.114689 0.000000
40017 490036 0.053699 0.000000
40017 490036 0.057815 0.000000
40024 690049 0.037253 0.000000
40024 690049 0.028210 0.000000
40024 700050 0.027744 0.000000
40024 700050 0.026310 0.000000
40024 710051 0.005874 0.000000
40024 710051 0.017315 0.000000
40024 720052 0.033406 0.000000
40024 720052 0.014072 0.000000
40048 250069 0.058965 0.000000
40048 250069 0.043780 0.000000
50006 80007 2.819866 0.000000
50006 80007 2.685285 0.000000
50006 90008 0.650334 0.000000
50006 90008 0.711436 0.000000
50006 100009 0.290621 0.000000
50006 100009 0.277316 0.000000
50006 110010 0.122022 0.000000
50006 110010 0.108650 0.000000
50006 120011 0.056771 0.000000
50006 130012 0.039436 0.000000
50006 140013 0.028374 0.000000
50006 140013 0.040664 0.000000
50006 150014 0.013357 0.000000
50006 150014 0.015962 0.000000
50008 140011 0.865585 0.000000
50008 140011 0.776815 0.000000
50008 150012 0.529474 0.000000
50008 150012 0.476995 0.000000
50008 160013 0.349216 0.000000
50008 160013 0.337515 0.000000
50008 170014 0.226458 0.000000
50008 170014 0.207468 0.000000
50008 180015 0.155319 0.000000
50008 180015 0.138951 0.000000
50008 190016 0.123042 0.000000
50008 190016 0.096025 0.000000
50008 200017 0.088106 0.000000
50008 230020 0.045838 0.000000
50008 240021 0.035084 0.000000
50008 240021 0.017553 0.000000
50012 360029 0.048528 0.000000
50012 360029 0.049230 0.000000
50012 390032 0.010166 0.000000
50012 420035 0.005839 0.000000
50012 420035 0.013086 0.000000
50012 450038 0.012967 0.000000
50012 450038 0.014593 0.000000
50012 480041 0.004951 0.000000
50014 360027 0.081751 0.000000
50014 360027 0.118790 0.000000
50014 400031 0.040319 0.000000
50014 400031 0.039277 0.000000
50014 440035 0.042951 0.000000
50014 440035 0.034792 0.000000
50014 480039 0.007690 0.000000
50016 360025 0.225131 0.000000
50016 360025 0.218675 0.000000
50016 370026 0.166095 0.000000
50016 370026 0.167042 0.000000
50016 380027 0.144660 0.000000
50016 380027 0.148610 0.000000
50016 390028 0.128664 0.000000
50016 390028 0.125246 0.000000
50016 400029 0.117650 0.000000
50016 400029 0.090687 0.000000
50016 410030 0.082265 0.000000
50016 410030 0.085707 0.000000
50016 420031 0.087261 0.000000
50016 420031 0.067297 0.000000
50016 430032 0.044094 0.000000
50016 430032 0.064284 0.000000
50016 440033 0.039633 0.000000
50016 440033 0.064957 0.000000
50016 450034 0.056956 0.000000
50016 450034 0.041208 0.000000
50018 380025 0.461465 0.000000
50018 380025 0.441822 0.000000
50018 390026 0.319916 0.000000
50018 390026 0.345696 0.000000
50018 400027 0.260912 0.000000
50018 400027 0.248374 0.000000
50018 410028 0.226507 0.000000
50018 410028 0.203735 0.000000
50024 680049 0.018602 0.000000
50024 680049 0.040383 0.000000
50048 250068 0.056338 0.000000
50048 250068 0.068711 0.000000
60007 90008 2.796753 0.000000
60007 90008 2.932629 0.000000
60007 100009 0.664641 0.000000
60007 100009 0.741777 0.000000
60007 110010 0.267546 0.000000
60007 110010 0.291860 0.000000
60007 120011 0.134442 0.000000
60007 120011 0.162216 0.000000
60007 130012 0.056742 0.000000
60007 130012 0.067803 0.000000
60007 140013 0.035713 0.000000
60007 160015 0.007090 0.000000
60007 160015 0.028147 0.000000
60013 350028 0.037587 0.000000
60013 350028 0.052008 0.000000
60013 380031 0.042778 0.000000
60013 410034 0.006090 0.000000
60013 440037 0.033631 0.000000
60013 440037 0.013475 0.000000
60013 470040 0.017618 0.000000
60015 350026 0.143084 0.000000
60015 350026 0.132553 0.000000
60015 390030 0.052480 0.000000
60015 390030 0.056163 0.000000
60015 430034 0.039412 0.000000
60015 430034 0.038905 0.000000
60015 470038 0.020954 0.000000
60017 360025 0.254168 0.000000
60017 360025 0.305794 0.000000
60017 370026 0.242220 0.000000
60017 370026 0.239894 0.000000
60017 380027 0.207539 0.000000
60017 380027 0.188718 0.000000
60017 390028 0.146574 0.000000
60017 400029 0.125878 0.000000
60017 400029 0.108586 0.000000
60017 410030 0.088567 0.000000
60017 410030 0.123611 0.000000
60017 420031 0.074261 0.000000
60017 420031 0.104066 0.000000
60017 430032 0.068633 0.000000
60017 430032 0.057084 0.000000
60017 440033 0.061129 0.000000
60019 380025 0.698413 0.000000
60019 380025 0.698407 0.000000
60019 390026 0.549038 0.000000
60019 390026 0.497791 0.000000
60019 400027 0.401654 0.000000
60019 400027 0.370571 0.000000
60019 490036 0.064687 0.000000
60019 490036 0.060779 0.000000
60047 260067 0.025471 0.000000
60048 250067 0.076692 0.000000
60048 250067 0.082342 0.000000
70008 100009 2.537226 0.000000
70008 100009 2.598709 0.000000
70008 110010 0.590332 0.000000
70008 120011 0.248109 0.000000
70008 120011 0.253696 0.000000
70008 130012 0.148209 0.000000
70008 130012 0.151827 0.000000
70008 140013 0.080726 0.000000
70008 150014 0.050790 0.000000
70008 150014 0.037452 0.000000
70008 160015 0.016599 0.000000
70008 160015 0.036973 0.000000
70008 170016 0.014139 0.000000
70010 160013 0.897021 0.000000
70010 160013 0.903553 0.000000
70010 170014 0.499222 0.000000
70010 180015 0.306957 0.000000
70010 180015 0.307413 0.000000
70010 190016 0.230388 0.000000
70010 190016 0.247893 0.000000
70010 200017 0.157325 0.000000
70010 200017 0.192284 0.000000
70010 210018 0.165948 0.000000
70010 210018 0.146000 0.000000
70010 220019 0.117819 0.000000
70010 230020 0.092088 0.000000
70010 470044 0.012670 0.000000
70010 480045 0.012185 0.000000
70014 340027 0.054862 0.000000
70014 340027 0.066862 0.000000
70014 370030 0.042709 0.000000
70014 400033 0.023565 0.000000
70014 400033 0.032877 0.000000
70014 430036 0.002508 0.000000
70014 430036 0.028693 0.000000
70014 460039 0.007153 0.000000
70014 460039 0.010194 0.000000
70016 340025 0.184112 0.000000
70016 340025 0.232447 0.000000
70016 380029 0.101977 0.000000
70016 380029 0.087846 0.000000
70016 420033 0.046243 0.000000
70016 420033 0.035647 0.000000
70016 460037 0.022892 0.000000
70018 360025 0.455734 0.000000
70018 360025 0.397454 0.000000
70018 370026 0.310748 0.000000
70018 370026 0.314645 0.000000
70018 380027 0.210429 0.000000
70018 380027 0.234550 0.000000
70018 390028 0.192807 0.000000
70018 390028 0.171351 0.000000
70018 400029 0.151366 0.000000
70018 400029 0.141472 0.000000
70018 410030 0.141526 0.000000
70018 410030 0.109311 0.000000
70018 420031 0.114771 0.000000
70018 420031 0.079416 0.000000
70018 430032 0.088329 0.000000
70018 430032 0.073882 0.000000
70020 380025 1.281714 0.000000
70020 380025 1.165495 0.000000
70020 390026 0.821123 0.000000
70020 390026 0.786715 0.000000
70020 490036 0.091496 0.000000
70020 490036 0.099664 0.000000
70047 260066 0.030584 0.000000
70047 260066 0.031989 0.000000
80009 110010 2.437428 0.000000
80009 110010 2.201705 0.000000
80009 120011 0.572474 0.000000
80009 120011 0.605067 0.000000
80009 130012 0.248110 0.000000
80009 130012 0.252170 0.000000
80009 140013 0.115761 0.000000
80009 150014 0.075040 0.000000
80009 150014 0.058626 0.000000
80009 160015 0.041659 0.000000
80009 160015 0.023779 0.000000
80009 170016 0.021379 0.000000
80009 170016 0.045582 0.000000
80009 180017 0.016060 0.000000
80009 180017 0.009963 0.000000
80015 330026 0.111365 0.000000
80015 330026 0.144956 0.000000
80015 360029 0.070761 0.000000
80015 390032 0.039838 0.000000
80015 390032 0.048401 0.000000
80015 420035 0.029202 0.000000
80015 420035 0.022065 0.000000
80015 450038 0.021347 0.000000
80015 450038 0.019853 0.000000
80015 480041 0.013611 0.000000
80017 370028 0.148711 0.000000
80017 370028 0.135085 0.000000
80017 410032 0.064116 0.000000
80017 410032 0.059937 0.000000
80019 360025 0.651281 0.000000
80019 360025 0.636995 0.000000
80019 370026 0.465518 0.000000
80019 370026 0.431356 0.000000
80019 380027 0.331260 0.000000
80019 380027 0.311243 0.000000
80019 390028 0.275678 0.000000
80019 390028 0.256093 0.000000
80019 400029 0.230607 0.000000
80019 400029 0.215317 0.000000
80019 410030 0.173419 0.000000
80019 410030 0.174511 0.000000
80019 420031 0.163331 0.000000
80019 420031 0.122165 0.000000
80021 380025 2.112551 0.000000
80021 380025 2.172738 0.000000
80021 490036 0.134032 0.000000
80021 490036 0.136273 0.000000
80046 270065 0.024278 0.000000
80046 270065 0.049285 0.000000
90010 120011 2.793359 0.000000
90010 120011 2.497028 0.000000
90010 130012 0.682619 0.000000
90010 130012 0.687986 0.000000
90010 140013 0.272505 0.000000
90010 140013 0.271062 0.000000
90010 150014 0.156525 0.000000
90010 160015 0.088665 0.000000
90010 170016 0.049177 0.000000
90010 180017 0.065536 0.000000
90010 180017 0.025207 0.000000
90010 190018 0.009983 0.000000
90010 190018 0.039101 0.000000
90012 180015 0.822145 0.000000
90012 180015 1.000945 0.000000
90012 190016 0.583791 0.000000
90012 190016 0.551460 0.000000
90012 200017 0.403584 0.000000
90012 200017 0.377402 0.000000
90012 210018 0.279751 0.000000
90012 210018 0.287453 0.000000
90012 220019 0.163811 0.000000
90012 220019 0.186224 0.000000
90012 230020 0.144386 0.000000
90012 240021 0.108850 0.000000
90012 460043 0.004532 0.000000
90012 480045 0.001096 0.000000
90012 480045 0.029980 0.000000
90016 320025 0.159523 0.000000
90016 320025 0.190865 0.000000
90016 350028 0.077896 0.000000
90016 380031 0.076358 0.000000
90016 380031 0.029141 0.000000
90016 410034 0.035747 0.000000
90016 410034 0.019465 0.000000
90016 440037 0.020837 0.000000
90016 440037 0.017101 0.000000
90016 470040 0.000843 0.000000
90018 360027 0.186721 0.000000
90018 360027 0.149259 0.000000
90018 400031 0.091811 0.000000
90018 400031 0.085482 0.000000
90018 440035 0.044587 0.000000
90018 440035 0.041572 0.000000
90018 580049 0.010843 0.000000
90018 580049 0.003264 0.000000
90020 360025 1.091260 0.000000
90020 360025 1.148695 0.000000
90020 370026 0.783219 0.000000
90020 370026 0.709618 0.000000
90020 380027 0.556684 0.000000
90020 380027 0.538322 0.000000
90020 390028 0.365039 0.000000
90020 390028 0.397133 0.000000
90020 400029 0.338715 0.000000
90020 400029 0.345823 0.000000
90020 410030 0.237066 0.000000
90020 410030 0.261481 0.000000
90022 490036 0.123782 0.000000
90022 490036 0.156650 0.000000
90045 640028 0.005427 0.000000
100011 130012 2.715241 0.000000
100011 130012 2.769459 0.000000
100011 140013 0.645890 0.000000
100011 140013 0.679043 0.000000
100011 150014 0.258607 0.000000
100011 150014 0.235985 0.000000
100011 160015 0.163300 0.000000
100011 160015 0.132219 0.000000
100011 170016 0.085054 0.000000
100011 180017 0.068439 0.000000
100011 180017 0.054700 0.000000
100011 190018 0.040588 0.000000
100011 190018 0.030173 0.000000
100011 200019 0.041151 0.000000
100011 200019 0.033877 0.000000
100017 340027 0.127361 0.000000
100017 340027 0.133045 0.000000
100017 370030 0.069715 0.000000
100017 370030 0.069718 0.000000
100017 400033 0.045590 0.000000
100017 400033 0.033736 0.000000
100017 430036 0.013609 0.000000
100017 430036 0.029259 0.000000
100017 460039 0.014487 0.000000
100017 460039 0.030579 0.000000
100019 350026 0.386342 0.000000
100019 350026 0.392633 0.000000
100019 390030 0.169799 0.000000
100019 390030 0.139675 0.000000
100019 430034 0.068089 0.000000
100019 430034 0.086950 0.000000
100021 360025 1.848029 0.000000
100021 360025 1.951397 0.000000
100021 370026 1.183881 0.000000
100021 370026 1.243510 0.000000
100021 380027 0.852471 0.000000
100021 380027 0.875409 0.000000
100021 390028 0.614846 0.000000
100021 390028 0.647265 0.000000
100021 400029 0.432126 0.000000
100021 400029 0.422598 0.000000
110012 140013 2.699427 0.000000
110012 140013 2.672046 0.000000
110012 150014 0.701319 0.000000
110012 150014 0.619047 0.000000
110012 160015 0.223299 0.000000
110012 160015 0.242094 0.000000
110012 170016 0.134473 0.000000
110012 170016 0.151914 0.000000
110012 180017 0.079112 0.000000
110012 190018 0.063354 0.000000
110012 190018 0.044646 0.000000
110012 200019 0.030232 0.000000
110012 200019 0.051042 0.000000
110012 210020 0.033098 0.000000
110012 210020 0.020718 0.000000
110014 200017 1.142270 0.000000
110014 200017 1.174298 0.000000
110014 210018 0.705994 0.000000
110014 210018 0.624200 0.000000
110014 220019 0.429494 0.000000
110014 220019 0.387181 0.000000
110014 230020 0.317086 0.000000
110014 230020 0.287343 0.000000
110014 240021 0.213025 0.000000
110014 430040 0.003246 0.000000
110014 430040 0.011584 0.000000
110014 440041 0.007399 0.000000
110014 450042 0.012066 0.000000
110014 450042 0.003060 0.000000
110014 460043 0.003283 0.000000
110014 460043 0.003299 0.000000
110014 480045 0.022794 0.000000
110018 330026 0.234861 0.000000
110018 330026 0.183112 0.000000
110018 360029 0.086144 0.000000
110018 360029 0.103854 0.000000
110018 390032 0.044015 0.000000
110018 390032 0.068245 0.000000
110018 420035 0.049964 0.000000
110018 420035 0.049764 0.000000
110018 450038 0.017217 0.000000
110018 450038 0.040481 0.000000
110020 340025 1.003820 0.000000
110020 340025 1.037313 0.000000
110020 380029 0.310305 0.000000
110020 380029 0.248033 0.000000
110020 420033 0.122953 0.000000
110020 600051 0.015934 0.000000
110020 600051 0.001028 0.000000
110022 360025 3.638787 0.000000
110022 360025 3.773340 0.000000
110022 370026 2.227944 0.000000
110022 370026 2.190454 0.000000
110022 380027 1.421850 0.000000
110022 380027 1.353499 0.000000
110022 390028 0.874390 0.000000
110022 390028 0.872821 0.000000
120013 150014 2.461689 0.000000
120013 150014 2.685176 0.000000
120013 160015 0.584468 0.000000
120013 160015 0.633335 0.000000
120013 170016 0.180715 0.000000
120013 170016 0.219187 0.000000
120013 180017 0.167027 0.000000
120013 190018 0.116561 0.000000
120013 190018 0.073280 0.000000
120013 200019 0.063703 0.000000
120013 200019 0.047014 0.000000
120013 210020 0.046398 0.000000
120013 210020 0.029119 0.000000
120013 220021 0.027551 0.000000
120013 220021 0.036626 0.000000
120019 320025 0.502787 0.000000
120019 320025 0.483187 0.000000
120019 350028 0.195323 0.000000
120019 350028 0.172927 0.000000
120019 380031 0.092573 0.000000
120019 380031 0.137225 0.000000
120019 410034 0.082359 0.000000
120019 410034 0.052691 0.000000
120019 440037 0.040907 0.000000
120019 440037 0.051222 0.000000
120019 470040 0.033696 0.000000
120019 470040 0.022103 0.000000
120021 370028 0.571932 0.000000
120021 370028 0.555275 0.000000
120021 410032 0.243460 0.000000
120021 410032 0.214604 0.000000
120021 610052 0.005556 0.000000
120023 360025 10.031062 0.000000
120023 360025 9.347279 0.000000
120023 370026 4.064855 0.000000
120023 370026 4.207404 0.000000
120023 380027 2.627997 0.000000
120023 380027 2.704080 0.000000
120048 250061 0.258479 0.000000
120048 250061 0.255350 0.000000
130014 160015 2.270999 0.000000
130014 160015 2.675949 0.000000
130014 170016 0.609582 0.000000
130014 170016 0.668970 0.000000
130014 180017 0.385198 0.000000
130014 180017 0.379870 0.000000
130014 190018 0.140877 0.000000
130014 190018 0.156919 0.000000
130014 200019 0.107718 0.000000
130014 210020 0.069812 0.000000
130014 220021 0.030029 0.000000
130014 230022 0.031355 0.000000
130016 220019 0.972058 0.000000
130016 220019 1.028413 0.000000
130016 230020 0.543364 0.000000
130016 230020 0.622066 0.000000
130016 240021 0.404739 0.000000
130016 240021 0.373844 0.000000
130016 410038 0.006301 0.000000
130016 420039 0.006959 0.000000
130016 430040 0.009240 0.000000
130016 440041 0.001137 0.000000
130016 450042 0.007402 0.000000
130016 450042 0.005858 0.000000
130016 480045 0.011471 0.000000
130016 480045 0.023041 0.000000
130020 340027 0.389901 0.000000
130020 340027 0.437429 0.000000
130020 370030 0.154444 0.000000
130020 370030 0.188704 0.000000
130020 400033 0.080228 0.000000
130020 400033 0.114124 0.000000
130020 430036 0.050317 0.000000
130020 430036 0.081763 0.000000
130020 460039 0.039254 0.000000
130020 460039 0.039040 0.000000
130022 360027 1.148091 0.000000
130022 360027 1.339145 0.000000
130022 400031 0.340873 0.000000
130022 400031 0.375152 0.000000
130022 580049 0.014552 0.000000
130022 620053 0.012096 0.000000
130024 360025 32.160803 0.000000
130024 360025 32.621570 0.000000
130024 370026 11.608640 0.000000
130024 370026 10.988066 0.000000
130047 260060 0.267992 0.000000
130047 260060 0.276734 0.000000
140015 170016 2.568429 0.000000
140015 170016 2.145555 0.000000
140015 180017 1.053734 0.000000
140015 180017 1.035235 0.000000
140015 190018 0.321804 0.000000
140015 190018 0.302767 0.000000
140015 200019 0.134201 0.000000
140015 200019 0.163268 0.000000
140015 210020 0.059145 0.000000
140015 220021 0.072367 0.000000
140015 230022 0.035719 0.000000
140015 230022 0.043293 0.000000
140015 240023 0.035594 0.000000
140015 240023 0.019218 0.000000
140021 330026 1.036144 0.000000
140021 330026 0.971250 0.000000
140021 360029 0.326619 0.000000
140021 360029 0.310993 0.000000
140021 390032 0.138303 0.000000
140021 390032 0.162853 0.000000
140021 420035 0.085983 0.000000
140021 420035 0.091398 0.000000
140021 450038 0.062616 0.000000
140021 450038 0.056454 0.000000
140023 350026 4.244902 0.000000
140023 350026 4.395446 0.000000
140023 390030 0.672898 0.000000
140023 390030 0.694047 0.000000
140023 590050 0.004369 0.000000
140023 590050 0.013602 0.000000
140046 270059 0.227118 0.000000
140046 270059 0.234544 0.000000
150016 180017 5.051392 0.000000
150016 180017 4.934644 0.000000
150016 190018 0.700393 0.000000
150016 190018 0.687855 0.000000
150016 200019 0.324891 0.000000
150016 200019 0.265814 0.000000
150016 210020 0.131787 0.000000
150016 210020 0.131083 0.000000
150016 220021 0.071697 0.000000
150016 220021 0.079712 0.000000
150016 230022 0.046528 0.000000
150016 230022 0.056937 0.000000
150016 240023 0.031014 0.000000
150018 240021 1.721522 0.000000
150018 240021 1.882355 0.000000
150018 400037 0.017772 0.000000
150018 400037 0.000792 0.000000
150018 410038 0.017931 0.000000
150018 420039 0.021158 0.000000
150018 420039 0.014268 0.000000
150018 460043 0.015771 0.000000
150018 460043 0.018613 0.000000
150018 470044 0.007926 0.000000
150018 480045 0.003557 0.000000
150022 320025 3.568862 0.000000
150022 320025 3.207419 0.000000
150022 350028 0.781276 0.000000
150022 350028 0.734241 0.000000
150022 380031 0.307468 0.000000
150022 380031 0.289972 0.000000
150022 410034 0.176213 0.000000
150022 410034 0.166498 0.000000
150022 440037 0.082915 0.000000
150022 440037 0.104644 0.000000
150024 340025 33.089443 0.000000
150024 340025 29.986075 0.000000
150024 380029 1.950654 0.000000
150024 380029 1.919479 0.000000
150024 600051 0.007596 0.000000
150024 600051 0.015927 0.000000
150024 640055 0.014430 0.000000
150045 280058 0.209642 0.000000
150045 280058 0.165817 0.000000
150047 260058 0.440443 0.000000
150047 260058 0.411083 0.000000
160017 190018 8.056937 0.000000
160017 190018 8.151184 0.000000
160017 200019 1.729445 0.000000
160017 200019 1.941729 0.000000
160017 210020 0.463336 0.000000
160017 210020 0.483001 0.000000
160017 220021 0.233328 0.000000
160017 230022 0.111107 0.000000
160017 230022 0.099901 0.000000
160017 240023 0.083903 0.000000
160017 240023 0.059311 0.000000
160023 340027 2.425760 0.000000
160023 340027 2.297560 0.000000
160023 370030 0.657365 0.000000
160023 370030 0.625295 0.000000
160023 400033 0.297992 0.000000
160023 400033 0.298873 0.000000
160023 430036 0.151794 0.000000
160023 430036 0.179362 0.000000
160044 290057 0.179547 0.000000
160044 290057 0.178100 0.000000
160046 270057 0.389306 0.000000
160046 270057 0.410308 0.000000
160048 250057 0.687514 0.000000
160048 250057 0.646476 0.000000
170018 200019 13.008166 0.000000
170018 200019 14.193641 0.000000
170018 210020 2.536707 0.000000
170018 210020 2.378530 0.000000
170018 220021 0.826604 0.000000
170018 220021 0.822850 0.000000
170018 230022 0.343320 0.000000
170018 240023 0.179887 0.000000
170018 240023 0.126314 0.000000
170020 370034 0.027879 0.000000
170020 370034 0.026587 0.000000
170020 380035 0.045352 0.000000
170020 380035 0.035130 0.000000
170020 390036 0.052347 0.000000
170020 390036 0.029467 0.000000
170020 400037 0.029395 0.000000
170020 400037 0.030099 0.000000
170020 410038 0.008195 0.000000
170020 410038 0.017727 0.000000
170020 420039 0.025647 0.000000
170020 420039 0.004724 0.000000
170020 430040 0.007926 0.000000
170020 440041 0.001253 0.000000
170020 450042 0.032242 0.000000
170020 450042 0.016851 0.000000
170020 460043 0.001057 0.000000
170020 480045 0.010339 0.000000
170020 480045 0.001674 0.000000
170024 330026 11.591207 0.000000
170024 330026 10.655708 0.000000
170024 360029 1.742301 0.000000
170024 360029 1.912457 0.000000
170024 390032 0.640386 0.000000
170024 390032 0.594982 0.000000
170024 420035 0.282646 0.000000
170024 420035 0.228441 0.000000
170024 560049 0.011750 0.000000
170045 280056 0.356957 0.000000
170045 280056 0.396153 0.000000
180019 210020 13.142424 0.000000
180019 210020 13.097882 0.000000
180019 220021 3.045992 0.000000
180019 220021 3.227500 0.000000
180019 230022 1.083256 0.000000
180019 230022 1.264283 0.000000
180019 240023 0.473205 0.000000
180019 240023 0.409446 0.000000
180019 470046 0.002362 0.000000
180019 480047 0.019593 0.000000
180044 290055 0.334488 0.000000
180044 290055 0.362050 0.000000
180046 270055 0.602981 0.000000
180046 270055 0.674424 0.000000
190020 220021 12.816922 0.000000
190020 220021 13.588263 0.000000
190020 230022 3.489044 0.000000
190020 230022 3.914282 0.000000
190020 240023 1.321148 0.000000
190020 240023 1.214832 0.000000
190020 480047 0.009653 0.000000
190020 480047 0.008811 0.000000
190022 350032 0.089380 0.000000
190022 350032 0.094554 0.000000
190022 360033 0.104206 0.000000
190022 360033 0.065498 0.000000
190022 370034 0.085664 0.000000
190022 370034 0.056822 0.000000
190022 380035 0.048879 0.000000
190022 380035 0.066405 0.000000
190022 390036 0.025047 0.000000
190022 390036 0.029117 0.000000
190022 400037 0.028889 0.000000
190022 400037 0.033441 0.000000
190022 410038 0.010812 0.000000
190022 420039 0.008454 0.000000
190022 430040 0.019123 0.000000
190022 430040 0.017825 0.000000
190022 440041 0.027707 0.000000
190022 440041 0.023057 0.000000
190022 450042 0.019537 0.000000
190022 460043 0.019569 0.000000
190022 460043 0.004493 0.000000
190022 470044 0.005796 0.000000
190022 480045 0.002550 0.000000
190045 260052 1.289988 0.000000
190045 260052 1.316726 0.000000
200021 230022 14.633478 0.000000
200021 230022 16.364805 0.000000
200021 240023 3.508293 0.000000
200021 240023 3.460957 0.000000
200021 450044 0.026562 0.000000
200021 460045 0.021102 0.000000
200021 470046 0.000161 0.000000
200044 290053 0.643644 0.000000
200044 290053 0.628554 0.000000
200046 270053 1.277257 0.000000
200046 270053 1.434370 0.000000
210022 240023 11.630001 0.000000
210022 240023 12.149780 0.000000
210022 450044 0.002617 0.000000
210022 460045 0.014661 0.000000
210022 460045 0.001123 0.000000
210024 330030 0.646457 0.000000
210024 330030 0.720595 0.000000
210024 340031 0.501959 0.000000
210024 340031 0.444506 0.000000
210024 350032 0.271615 0.000000
210024 350032 0.304754 0.000000
210024 360033 0.228473 0.000000
210024 360033 0.259134 0.000000
210024 370034 0.144682 0.000000
210024 370034 0.140295 0.000000
210024 380035 0.103130 0.000000
210024 380035 0.115545 0.000000
210024 390036 0.096937 0.000000
210024 390036 0.090597 0.000000
210024 400037 0.070645 0.000000
210024 400037 0.055775 0.000000
210024 410038 0.041652 0.000000
210024 410038 0.060950 0.000000
210024 420039 0.058804 0.000000
210024 420039 0.054736 0.000000
210024 430040 0.010740 0.000000
210024 430040 0.046715 0.000000
210024 440041 0.038402 0.000000
210024 440041 0.043018 0.000000
210024 450042 0.023427 0.000000
210024 450042 0.011008 0.000000
210043 280050 1.556180 0.000000
210043 280050 1.383529 0.000000
220023 430042 0.025126 0.000000
220023 430042 0.004317 0.000000
220023 440043 0.002860 0.000000
220023 440043 0.008678 0.000000
220023 450044 0.006245 0.000000
220023 470046 0.017794 0.000000
220023 470046 0.013167 0.000000
220042 310051 0.672410 0.000000
220042 310051 0.558053 0.000000
230024 420041 0.000476 0.000000
230024 430042 0.010523 0.000000
230024 450044 0.001766 0.000000
230024 460045 0.005788 0.000000
230043 300050 1.600690 0.000000
230043 300050 1.433903 0.000000
240036 640052 0.045626 0.000000
240036 650053 0.040480 0.000000
240036 650053 0.039318 0.000000
240036 660054 0.044188 0.000000
240036 660054 0.043335 0.000000
240036 670055 0.037881 0.000000
240036 670055 0.031039 0.000000
240036 690057 0.021786 0.000000
240036 700058 0.014957 0.000000
240036 710059 0.014186 0.000000
240036 710059 0.012122 0.000000
260025 490050 0.013749 0.000000
260025 490050 0.002491 0.000000
270026 540055 0.004266 0.000000
270028 260025 15.539733 0.000000
270028 260025 13.335688 0.000000
280025 520055 0.003017 0.000000
280025 530056 0.014603 0.000000
280025 530056 0.003292 0.000000
280025 560059 0.001393 0.000000
280025 560059 0.007605 0.000000
280025 570060 0.010961 0.000000
280025 600063 0.011411 0.000000
280025 630066 0.000729 0.000000
280027 490050 0.001026 0.000000
280027 510052 0.003696 0.000000
280027 510052 0.001483 0.000000
280027 520053 0.012460 0.000000
280029 260025 3.763529 0.000000
280029 260025 3.295278 0.000000
280029 270026 13.960678 0.000000
280029 270026 14.619175 0.000000
290028 490050 0.015849 0.000000
290028 490050 0.013349 0.000000
290028 500051 0.002288 0.000000
290028 510052 0.019608 0.000000
290030 260025 1.323194 0.000000
290030 260025 1.392909 0.000000
290030 270026 3.866259 0.000000
290030 270026 3.504282 0.000000
290030 280027 12.831239 0.000000
290030 280027 13.519894 0.000000
300027 490052 0.015766 0.000000
300027 500053 0.009718 0.000000
300027 500053 0.003487 0.000000
300027 510054 0.005686 0.000000
300027 510054 0.017534 0.000000
300027 520055 0.029605 0.000000
300027 520055 0.003265 0.000000
300027 530056 0.003781 0.000000
300027 550058 0.013962 0.000000
300027 580061 0.002551 0.000000
300027 590062 0.007851 0.000000
300027 590062 0.022243 0.000000
300029 490050 0.010539 0.000000
300029 500051 0.005630 0.000000
300031 260025 0.625078 0.000000
300031 260025 0.635384 0.000000
300031 270026 1.470242 0.000000
300031 270026 1.517571 0.000000
300031 280027 3.453399 0.000000
300031 280027 3.590650 0.000000
300031 290028 14.559107 0.000000
300031 290028 14.306279 0.000000
310030 490050 0.002580 0.000000
310032 260025 0.335985 0.000000
310032 260025 0.352368 0.000000
310032 270026 0.672738 0.000000
310032 270026 0.692013 0.000000
310032 280027 1.371741 0.000000
310032 280027 1.421623 0.000000
310032 290028 3.709743 0.000000
310032 290028 3.490103 0.000000
310032 300029 14.621846 0.000000
310032 300029 16.033599 0.000000
310034 280025 4.443468 0.000000
310034 280025 4.600525 0.000000
320025 580065 0.012703 0.000000
320025 610068 0.010519 0.000000
320025 610068 0.001945 0.000000
320029 490052 0.031753 0.000000
320029 490052 0.001267 0.000000
320029 500053 0.012590 0.000000
320029 500053 0.018008 0.000000
320029 510054 0.008743 0.000000
320029 510054 0.002490 0.000000
320029 520055 0.019095 0.000000
320029 520055 0.013242 0.000000
320029 530056 0.022405 0.000000
320029 530056 0.006393 0.000000
320029 540057 0.013712 0.000000
320029 560059 0.018047 0.000000
320029 560059 0.011883 0.000000
320029 570060 0.001424 0.000000
320029 580061 0.006179 0.000000
320029 580061 0.015470 0.000000
320029 590062 0.000073 0.000000
320029 600063 0.002447 0.000000
320031 490050 0.006541 0.000000
320031 490050 0.024864 0.000000
320033 260025 0.211713 0.000000
320033 260025 0.212225 0.000000
320033 270026 0.425073 0.000000
320033 270026 0.403460 0.000000
320033 280027 0.748424 0.000000
320033 280027 0.680608 0.000000
320033 290028 1.487988 0.000000
320033 290028 1.544269 0.000000
320033 300029 3.877101 0.000000
320033 300029 3.619048 0.000000
320033 310030 13.799354 0.000000
320033 310030 15.032340 0.000000
330026 540061 0.038137 0.000000
330026 540061 0.019308 0.000000
330026 570064 0.014429 0.000000
330026 570064 0.018107 0.000000
330026 600067 0.001380 0.000000
330026 600067 0.007582 0.000000
330034 260025 0.139689 0.000000
330034 270026 0.190741 0.000000
330034 270026 0.200248 0.000000
330034 280027 0.402403 0.000000
330034 280027 0.362378 0.000000
330034 290028 0.730023 0.000000
330034 290028 0.692694 0.000000
330034 300029 1.417536 0.000000
330034 300029 1.321754 0.000000
330034 310030 3.522943 0.000000
330034 310030 3.557999 0.000000
330034 320031 14.674271 0.000000
330034 320031 14.316221 0.000000
330036 280025 1.307592 0.000000
330036 280025 1.244218 0.000000
330036 290026 2.031288 0.000000
330036 290026 2.294792 0.000000
330036 300027 4.271860 0.000000
330036 300027 4.251212 0.000000
340025 590068 0.012241 0.000000
340025 630072 0.001212 0.000000
340027 530060 0.035242 0.000000
340027 530060 0.019601 0.000000
340027 560063 0.002444 0.000000
340027 560063 0.016472 0.000000
340027 590066 0.022545 0.000000
340027 620069 0.014791 0.000000
340031 490052 0.025382 0.000000
340031 490052 0.017561 0.000000
340031 500053 0.008439 0.000000
340031 500053 0.024427 0.000000
340031 510054 0.016864 0.000000
340031 520055 0.009276 0.000000
340031 530056 0.002435 0.000000
340031 530056 0.017720 0.000000
340031 540057 0.002925 0.000000
340031 540057 0.013143 0.000000
340031 550058 0.011559 0.000000
340031 570060 0.010678 0.000000
340035 260025 0.050385 0.000000
340035 260025 0.078728 0.000000
340035 270026 0.103548 0.000000
340035 280027 0.163531 0.000000
340035 280027 0.182554 0.000000
340035 290028 0.272823 0.000000
340035 290028 0.308028 0.000000
340035 300029 0.582213 0.000000
340035 300029 0.566358 0.000000
340035 310030 1.149020 0.000000
340035 310030 1.207605 0.000000
340035 320031 3.358904 0.000000
340035 320031 3.177935 0.000000
340035 330032 12.363869 0.000000
340035 330032 12.816862 0.000000
350026 620071 0.008930 0.000000
350026 620071 0.003453 0.000000
350028 520059 0.040603 0.000000
350028 550062 0.027740 0.000000
350028 550062 0.022202 0.000000
350028 580065 0.027684 0.000000
350028 580065 0.013824 0.000000
350028 610068 0.008243 0.000000
350036 270026 0.069768 0.000000
350036 270026 0.038884 0.000000
350036 280027 0.048132 0.000000
350036 280027 0.118232 0.000000
350036 290028 0.166033 0.000000
350036 290028 0.177992 0.000000
350036 300029 0.307620 0.000000
350036 300029 0.273758 0.000000
350036 310030 0.531517 0.000000
350036 310030 0.508153 0.000000
350036 320031 1.153954 0.000000
350036 320031 1.170727 0.000000
350036 330032 3.561276 0.000000
350036 330032 3.578771 0.000000
350036 340033 16.036904 0.000000
350036 340033 16.655379 0.000000
350038 280025 0.429409 0.000000
350038 280025 0.393208 0.000000
350038 290026 0.636488 0.000000
350038 290026 0.582596 0.000000
350038 300027 1.062718 0.000000
350038 300027 0.958921 0.000000
350038 310028 1.683512 0.000000
350038 310028 1.512648 0.000000
350038 320029 3.083626 0.000000
350038 320029 3.160101 0.000000
360025 610072 0.021739 0.000000
360025 610072 0.008243 0.000000
360027 570066 0.028886 0.000000
360027 610070 0.002110 0.000000
360029 510058 0.059117 0.000000
360029 510058 0.061805 0.000000
360029 540061 0.031673 0.000000
360029 540061 0.027483 0.000000
360029 570064 0.011816 0.000000
360029 600067 0.006914 0.000000
360033 490052 0.055319 0.000000
360033 490052 0.024562 0.000000
360033 500053 0.032407 0.000000
360033 510054 0.005849 0.000000
360033 510054 0.037675 0.000000
360033 520055 0.001567 0.000000
360033 520055 0.018226 0.000000
360033 530056 0.029327 0.000000
360033 540057 0.003530 0.000000
360033 540057 0.028957 0.000000
360033 550058 0.008143 0.000000
360033 550058 0.014947 0.000000
360037 280027 0.072297 0.000000
360037 280027 0.057670 0.000000
360037 290028 0.061271 0.000000
360037 290028 0.114322 0.000000
360037 300029 0.150730 0.000000
360037 300029 0.133663 0.000000
360037 310030 0.233442 0.000000
360037 310030 0.267164 0.000000
360037 320031 0.447538 0.000000
360037 320031 0.460956 0.000000
360037 330032 1.030346 0.000000
360037 330032 1.260925 0.000000
360037 340033 3.589302 0.000000
360037 340033 3.255652 0.000000
360037 350034 13.383032 0.000000
360037 350034 14.191939 0.000000
370026 600071 0.014387 0.000000
370026 600071 0.017898 0.000000
370026 610072 0.027806 0.000000
370026 610072 0.028051 0.000000
370028 600069 0.011549 0.000000
370030 500057 0.087084 0.000000
370030 500057 0.084038 0.000000
370030 530060 0.045366 0.000000
370030 530060 0.052793 0.000000
370030 560063 0.011798 0.000000
370030 560063 0.034721 0.000000
370030 620069 0.001639 0.000000
370030 620069 0.000780 0.000000
370038 290028 0.051571 0.000000
370038 290028 0.044021 0.000000
370038 300029 0.054773 0.000000
370038 300029 0.056345 0.000000
370038 310030 0.094524 0.000000
370038 310030 0.122643 0.000000
370038 320031 0.207496 0.000000
370038 320031 0.207005 0.000000
370038 330032 0.429676 0.000000
370038 330032 0.380383 0.000000
370038 340033 1.002221 0.000000
370038 340033 0.963062 0.000000
370038 350034 2.791265 0.000000
370038 350034 2.600754 0.000000
370038 360035 11.896958 0.000000
370038 360035 11.607172 0.000000
370040 280025 0.135634 0.000000
370040 290026 0.247434 0.000000
370040 300027 0.295229 0.000000
370040 300027 0.284670 0.000000
370040 310028 0.449012 0.000000
370040 310028 0.438216 0.000000
370040 320029 0.666275 0.000000
370040 320029 0.697283 0.000000
370040 330030 1.242334 0.000000
370040 330030 1.290374 0.000000
370040 340031 2.893307 0.000000
370040 340031 2.884168 0.000000
380027 580069 0.022396 0.000000
380027 580069 0.023440 0.000000
380027 590070 0.015726 0.000000
380027 590070 0.012415 0.000000
380027 600071 0.013095 0.000000
380027 600071 0.021885 0.000000
380027 610072 0.005954 0.000000
380027 610072 0.010275 0.000000
380029 550064 0.004413 0.000000
380029 590068 0.028294 0.000000
380029 590068 0.013198 0.000000
380029 630072 0.012677 0.000000
380029 630072 0.012473 0.000000
380031 490056 0.092824 0.000000
380031 490056 0.138526 0.000000
380031 520059 0.072193 0.000000
380031 520059 0.069109 0.000000
380031 550062 0.042133 0.000000
380031 550062 0.026140 0.000000
380031 580065 0.017363 0.000000
380031 610068 0.008651 0.000000
380035 490052 0.064255 0.000000
380035 490052 0.034378 0.000000
380035 500053 0.044110 0.000000
380035 500053 0.048153 0.000000
380035 510054 0.030658 0.000000
380035 510054 0.020135 0.000000
380035 520055 0.030568 0.000000
380035 520055 0.048861 0.000000
380035 530056 0.014664 0.000000
380035 530056 0.034827 0.000000
380035 540057 0.009620 0.000000
380039 300029 0.025874 0.000000
380039 310030 0.081663 0.000000
380039 310030 0.054343 0.000000
380039 320031 0.104844 0.000000
380039 320031 0.092902 0.000000
380039 330032 0.201567 0.000000
380039 330032 0.227595 0.000000
380039 340033 0.441835 0.000000
380039 340033 0.412815 0.000000
380039 350034 0.966528 0.000000
380039 350034 0.942183 0.000000
380039 360035 2.875921 0.000000
380039 360035 3.450308 0.000000
380039 370036 14.697643 0.000000
380039 370036 14.881319 0.000000
390028 570068 0.032525 0.000000
390028 570068 0.047850 0.000000
390028 580069 0.046353 0.000000
390028 580069 0.025591 0.000000
390028 590070 0.034630 0.000000
390028 590070 0.029645 0.000000
390028 600071 0.016952 0.000000
390028 600071 0.024253 0.000000
390028 610072 0.011075 0.000000
390028 610072 0.020564 0.000000
390030 540063 0.041347 0.000000
390030 540063 0.050844 0.000000
390030 580067 0.026445 0.000000
390030 580067 0.018147 0.000000
390032 510058 0.120766 0.000000
390032 510058 0.126186 0.000000
390032 540061 0.066754 0.000000
390032 540061 0.069009 0.000000
390032 570064 0.029640 0.000000
390032 570064 0.039745 0.000000
390032 600067 0.024834 0.000000
390032 600067 0.017865 0.000000
390032 630070 0.001871 0.000000
390040 310030 0.047100 0.000000
390040 310030 0.043942 0.000000
390040 320031 0.051729 0.000000
390040 320031 0.036543 0.000000
390040 330032 0.093695 0.000000
390040 330032 0.101559 0.000000
390040 340033 0.166773 0.000000
390040 340033 0.183260 0.000000
390040 350034 0.403135 0.000000
390040 350034 0.407024 0.000000
390040 360035 1.068415 0.000000
390040 360035 1.029467 0.000000
390040 370036 2.991813 0.000000
390040 370036 3.157811 0.000000
390040 380037 13.007051 0.000000
390040 380037 12.886750 0.000000
390042 290026 0.069486 0.000000
390042 300027 0.118146 0.000000
390042 310028 0.157684 0.000000
390042 310028 0.186879 0.000000
390042 320029 0.182473 0.000000
390042 320029 0.232119 0.000000
390042 330030 0.422409 0.000000
390042 330030 0.351112 0.000000
390042 340031 0.585424 0.000000
390042 340031 0.634892 0.000000
390042 350032 1.056889 0.000000
390042 350032 1.248165 0.000000
390042 360033 2.500733 0.000000
390042 360033 2.758945 0.000000
390046 320025 0.517618 0.000000
390046 320025 0.474422 0.000000
400029 560067 0.066300 0.000000
400029 560067 0.062723 0.000000
400029 570068 0.050858 0.000000
400029 570068 0.053946 0.000000
400029 580069 0.033719 0.000000
400029 580069 0.035187 0.000000
400029 590070 0.023518 0.000000
400029 590070 0.029313 0.000000
400029 600071 0.019419 0.000000
400029 600071 0.016711 0.000000
400029 610072 0.005027 0.000000
400029 610072 0.023805 0.000000
400031 530062 0.100489 0.000000
400031 530062 0.096392 0.000000
400031 570066 0.015832 0.000000
400031 570066 0.031696 0.000000
400031 610070 0.037052 0.000000
400031 610070 0.022140 0.000000
400033 500057 0.189351 0.000000
400033 500057 0.183236 0.000000
400033 530060 0.080503 0.000000
400033 530060 0.086996 0.000000
400033 560063 0.025456 0.000000
400033 560063 0.051424 0.000000
400033 590066 0.001983 0.000000
400033 620069 0.029583 0.000000
400033 650072 0.005360 0.000000
400033 650072 0.020557 0.000000
400037 490052 0.116396 0.000000
400037 490052 0.121325 0.000000
400037 500053 0.094547 0.000000
400037 500053 0.090853 0.000000
400037 510054 0.066218 0.000000
400037 510054 0.062995 0.000000
400037 520055 0.028163 0.000000
400037 520055 0.042440 0.000000
400041 320031 0.038135 0.000000
400041 320031 0.032539 0.000000
400041 330032 0.064435 0.000000
400041 330032 0.046571 0.000000
400041 340033 0.079953 0.000000
400041 340033 0.081539 0.000000
400041 350034 0.182581 0.000000
400041 350034 0.161323 0.000000
400041 360035 0.381190 0.000000
400041 360035 0.411024 0.000000
400041 370036 0.976430 0.000000
400041 370036 0.999898 0.000000
400041 380037 3.150605 0.000000
400041 380037 3.019401 0.000000
400041 390038 14.176273 0.000000
400041 390038 15.516603 0.000000
400047 330026 0.482551 0.000000
400047 330026 0.499311 0.000000
410028 590072 0.059287 0.000000
410028 590072 0.021863 0.000000
410030 550066 0.094961 0.000000
410030 550066 0.090005 0.000000
410030 560067 0.069457 0.000000
410030 560067 0.078969 0.000000
410030 570068 0.072192 0.000000
410030 570068 0.073129 0.000000
410030 580069 0.046300 0.000000
410030 580069 0.053075 0.000000
410030 590070 0.044141 0.000000
410030 590070 0.044922 0.000000
410030 600071 0.028512 0.000000
410030 610072 0.038840 0.000000
410030 610072 0.020919 0.000000
410032 520061 0.152136 0.000000
410032 520061 0.177862 0.000000
410032 560065 0.083058 0.000000
410032 560065 0.066355 0.000000
410032 600069 0.019653 0.000000
410032 600069 0.033688 0.000000
410034 490056 0.385754 0.000000
410034 490056 0.409248 0.000000
410034 520059 0.152038 0.000000
410034 520059 0.159309 0.000000
410034 550062 0.082603 0.000000
410034 550062 0.066745 0.000000
410034 580065 0.023910 0.000000
410034 610068 0.027406 0.000000
410034 640071 0.015024 0.000000
410034 640071 0.006651 0.000000
410042 330032 0.020600 0.000000
410042 330032 0.042680 0.000000
410042 340033 0.032759 0.000000
410042 340033 0.055819 0.000000
410042 350034 0.088446 0.000000
410042 350034 0.085611 0.000000
410042 360035 0.215722 0.000000
410042 360035 0.196634 0.000000
410042 370036 0.460799 0.000000
410042 370036 0.484697 0.000000
410042 380037 0.943745 0.000000
410042 380037 0.976116 0.000000
410042 390038 3.611430 0.000000
410042 390038 2.992220 0.000000
410042 400039 12.702147 0.000000
410042 400039 12.357774 0.000000
410044 280025 0.047995 0.000000
410044 290026 0.059858 0.000000
410044 320029 0.118710 0.000000
410044 320029 0.113523 0.000000
410044 330030 0.147511 0.000000
410044 330030 0.156187 0.000000
410044 340031 0.204792 0.000000
410044 340031 0.199828 0.000000
410044 350032 0.327237 0.000000
410044 350032 0.330579 0.000000
410044 360033 0.626112 0.000000
410044 360033 0.552245 0.000000
410044 370034 1.246554 0.000000
410044 370034 1.309303 0.000000
410044 380035 2.402277 0.000000
410044 380035 2.875374 0.000000
410048 340027 0.449284 0.000000
410048 340027 0.440234 0.000000
420029 580071 0.067025 0.000000
420029 580071 0.083351 0.000000
420029 590072 0.062314 0.000000
420029 590072 0.055705 0.000000
420031 540065 0.181936 0.000000
420031 540065 0.180042 0.000000
420031 550066 0.092489 0.000000
420031 550066 0.131486 0.000000
420031 560067 0.088121 0.000000
420031 560067 0.087354 0.000000
420031 570068 0.075004 0.000000
420031 570068 0.068926 0.000000
420031 580069 0.070633 0.000000
420031 580069 0.094893 0.000000
420031 590070 0.034318 0.000000
420031 600071 0.046338 0.000000
420031 600071 0.067853 0.000000
420031 610072 0.013049 0.000000
420031 610072 0.015533 0.000000
420033 510060 0.333988 0.000000
420033 510060 0.320288 0.000000
420033 550064 0.099745 0.000000
420033 550064 0.082008 0.000000
420033 590068 0.041409 0.000000
420033 590068 0.027957 0.000000
420033 630072 0.019093 0.000000
420033 630072 0.028459 0.000000
420035 510058 0.284451 0.000000
420035 510058 0.318037 0.000000
420035 540061 0.149835 0.000000
420035 540061 0.139589 0.000000
420035 570064 0.069925 0.000000
420035 570064 0.039264 0.000000
420035 600067 0.005336 0.000000
420035 630070 0.016275 0.000000
420039 490052 0.337172 0.000000
420039 490052 0.349457 0.000000
420039 500053 0.220340 0.000000
420039 500053 0.181180 0.000000
420043 340033 0.030287 0.000000
420043 340033 0.008961 0.000000
420043 350034 0.043937 0.000000
420043 350034 0.044866 0.000000
420043 360035 0.129127 0.000000
420043 360035 0.091197 0.000000
420043 370036 0.219484 0.000000
420043 370036 0.204576 0.000000
420043 380037 0.406661 0.000000
420043 380037 0.412767 0.000000
420043 390038 1.242319 0.000000
420043 390038 1.088390 0.000000
420043 400039 2.865683 0.000000
420043 400039 3.194613 0.000000
420043 410040 14.299252 0.000000
420043 410040 13.925790 0.000000
430030 570070 0.073763 0.000000
430030 570070 0.095951 0.000000
430030 580071 0.040326 0.000000
430030 580071 0.069097 0.000000
430030 590072 0.056750 0.000000
430030 590072 0.092225 0.000000
430032 530064 0.319342 0.000000
430032 530064 0.251797 0.000000
430032 540065 0.185784 0.000000
430032 540065 0.178189 0.000000
430032 550066 0.140422 0.000000
430032 550066 0.129095 0.000000
430032 560067 0.130790 0.000000
430032 560067 0.105862 0.000000
430032 570068 0.074661 0.000000
430032 570068 0.109112 0.000000
430032 580069 0.082567 0.000000
430032 580069 0.076184 0.000000
430032 590070 0.080863 0.000000
430032 590070 0.062146 0.000000
430032 600071 0.037229 0.000000
430032 600071 0.052373 0.000000
430032 610072 0.046568 0.000000
430032 610072 0.042288 0.000000
430034 500059 0.723097 0.000000
430034 500059 0.594467 0.000000
430034 540063 0.217819 0.000000
430034 540063 0.158862 0.000000
430034 580067 0.076026 0.000000
430034 580067 0.057623 0.000000
430034 620071 0.007075 0.000000
430034 620071 0.031815 0.000000
430036 500057 0.631622 0.000000
430036 500057 0.589204 0.000000
430036 530060 0.212107 0.000000
430036 530060 0.200128 0.000000
430036 560063 0.115002 0.000000
430036 560063 0.080097 0.000000
430036 590066 0.043622 0.000000
430036 620069 0.020734 0.000000
430036 620069 0.021284 0.000000
430044 350034 0.030055 0.000000
430044 360035 0.042212 0.000000
430044 360035 0.072326 0.000000
430044 370036 0.113717 0.000000
430044 370036 0.114862 0.000000
430044 380037 0.205907 0.000000
430044 380037 0.190123 0.000000
430044 390038 0.532012 0.000000
430044 390038 0.449640 0.000000
430044 400039 1.101495 0.000000
430044 400039 1.231793 0.000000
430044 410040 3.196113 0.000000
430044 410040 3.015040 0.000000
430044 420041 13.694738 0.000000
430044 420041 12.659854 0.000000
430046 280025 0.020014 0.000000
430046 280025 0.020530 0.000000
430046 290026 0.028689 0.000000
430046 290026 0.045685 0.000000
430046 300027 0.049454 0.000000
430046 300027 0.040507 0.000000
430046 340031 0.082519 0.000000
430046 360033 0.225252 0.000000
430046 360033 0.208297 0.000000
430046 370034 0.414911 0.000000
430046 370034 0.386077 0.000000
430046 380035 0.615575 0.000000
430046 380035 0.716849 0.000000
430046 390036 1.386026 0.000000
430046 390036 1.470711 0.000000
430046 400037 3.490715 0.000000
430046 400037 3.154159 0.000000
440031 560069 0.182500 0.000000
440031 560069 0.136087 0.000000
440031 570070 0.129768 0.000000
440031 570070 0.100702 0.000000
440031 580071 0.098933 0.000000
440031 580071 0.110119 0.000000
440031 590072 0.103662 0.000000
440031 590072 0.070752 0.000000
440033 520063 0.526321 0.000000
440033 520063 0.590216 0.000000
440033 530064 0.412428 0.000000
440033 530064 0.395836 0.000000
440033 540065 0.273530 0.000000
440033 540065 0.266855 0.000000
440033 550066 0.202904 0.000000
440033 550066 0.193055 0.000000
440033 560067 0.176156 0.000000
440033 560067 0.151627 0.000000
440033 570068 0.116324 0.000000
440033 570068 0.127651 0.000000
440033 580069 0.084953 0.000000
440033 580069 0.097502 0.000000
440033 590070 0.078479 0.000000
440033 590070 0.093818 0.000000
440033 600071 0.079178 0.000000
440033 600071 0.078645 0.000000
440033 610072 0.026154 0.000000
440033 610072 0.042875 0.000000
440035 490058 1.755625 0.000000
440035 490058 1.663583 0.000000
440035 530062 0.294406 0.000000
440035 530062 0.322675 0.000000
440035 570066 0.090591 0.000000
440035 570066 0.098068 0.000000
440035 610070 0.045919 0.000000
440035 610070 0.056807 0.000000
440037 490056 1.561242 0.000000
440037 490056 1.627204 0.000000
440037 520059 0.370346 0.000000
440037 520059 0.438686 0.000000
440037 550062 0.174864 0.000000
440037 550062 0.144331 0.000000
440037 580065 0.089194 0.000000
440037 610068 0.039138 0.000000
440037 610068 0.058654 0.000000
440045 360035 0.034868 0.000000
440045 360035 0.040819 0.000000
440045 370036 0.062802 0.000000
440045 370036 0.045945 0.000000
440045 380037 0.092008 0.000000
440045 380037 0.112388 0.000000
440045 390038 0.246409 0.000000
440045 390038 0.229543 0.000000
440045 400039 0.585857 0.000000
440045 400039 0.570299 0.000000
440045 410040 1.208779 0.000000
440045 410040 1.391017 0.000000
440045 420041 3.196170 0.000000
440045 420041 3.371987 0.000000
440045 430042 12.937913 0.000000
440045 430042 13.080804 0.000000
450032 550068 0.257560 0.000000
450032 550068 0.288458 0.000000
450032 560069 0.236884 0.000000
450032 560069 0.202809 0.000000
450032 570070 0.162542 0.000000
450032 570070 0.181760 0.000000
450032 580071 0.144456 0.000000
450032 580071 0.135128 0.000000
450032 590072 0.117094 0.000000
450032 590072 0.105090 0.000000
450034 510062 1.132400 0.000000
450034 510062 1.061739 0.000000
450034 520063 0.792598 0.000000
450034 520063 0.704205 0.000000
450034 530064 0.522690 0.000000
450034 530064 0.542654 0.000000
450034 540065 0.322977 0.000000
450034 540065 0.298881 0.000000
450034 550066 0.249479 0.000000
450034 550066 0.241624 0.000000
450034 560067 0.192515 0.000000
450034 560067 0.180546 0.000000
450034 570068 0.155692 0.000000
450034 570068 0.170237 0.000000
450034 580069 0.133701 0.000000
450034 580069 0.111563 0.000000
450034 590070 0.084326 0.000000
450034 590070 0.114656 0.000000
450034 600071 0.074526 0.000000
450034 600071 0.065770 0.000000
450036 520061 0.755112 0.000000
450036 520061 0.594162 0.000000
450036 560065 0.192118 0.000000
450036 560065 0.192298 0.000000
450036 600069 0.069725 0.000000
450036 600069 0.070456 0.000000
450038 510058 0.930378 0.000000
450038 510058 0.852055 0.000000
450038 540061 0.314808 0.000000
450038 540061 0.285004 0.000000
450038 570064 0.112876 0.000000
450038 600067 0.050448 0.000000
450038 600067 0.069220 0.000000
450046 370036 0.012116 0.000000
450046 370036 0.051709 0.000000
450046 380037 0.071606 0.000000
450046 380037 0.083578 0.000000
450046 390038 0.133649 0.000000
450046 390038 0.134618 0.000000
450046 400039 0.273543 0.000000
450046 400039 0.257003 0.000000
450046 410040 0.567818 0.000000
450046 410040 0.526962 0.000000
450046 420041 1.205327 0.000000
450046 420041 1.322917 0.000000
450046 430042 3.184143 0.000000
450046 430042 3.204528 0.000000
450046 440043 14.129302 0.000000
450046 440043 14.272362 0.000000
450048 290026 0.036129 0.000000
450048 290026 0.016994 0.000000
450048 300027 0.047935 0.000000
450048 300027 0.016573 0.000000
450048 310028 0.024688 0.000000
450048 310028 0.031317 0.000000
450048 320029 0.044655 0.000000
450048 330030 0.051088 0.000000
450048 350032 0.080412 0.000000
450048 370034 0.158236 0.000000
450048 370034 0.145883 0.000000
450048 380035 0.231902 0.000000
450048 380035 0.268794 0.000000
450048 390036 0.434406 0.000000
450048 390036 0.493123 0.000000
450048 400037 0.799636 0.000000
450048 400037 0.793811 0.000000
450048 410038 1.663578 0.000000
450048 410038 1.870698 0.000000
450048 420039 3.595717 0.000000
450048 420039 3.534102 0.000000
460033 540067 0.559705 0.000000
460033 540067 0.507595 0.000000
460033 550068 0.384465 0.000000
460033 550068 0.377318 0.000000
460033 560069 0.302755 0.000000
460033 560069 0.258258 0.000000
460033 570070 0.233016 0.000000
460033 570070 0.200636 0.000000
460033 580071 0.177986 0.000000
460033 580071 0.180088 0.000000
460033 590072 0.111225 0.000000
460033 590072 0.116133 0.000000
460035 500061 3.039296 0.000000
460035 500061 2.509820 0.000000
460035 510062 1.712600 0.000000
460035 510062 1.750413 0.000000
460035 520063 1.073134 0.000000
460035 520063 0.922670 0.000000
460035 530064 0.700925 0.000000
460035 530064 0.650100 0.000000
460035 540065 0.503783 0.000000
460035 540065 0.481329 0.000000
460035 550066 0.310081 0.000000
460035 550066 0.332742 0.000000
460035 560067 0.213178 0.000000
460035 560067 0.255886 0.000000
460035 570068 0.241906 0.000000
460035 570068 0.165301 0.000000
460035 580069 0.165726 0.000000
460035 580069 0.144562 0.000000
460035 590070 0.090067 0.000000
460035 590070 0.119272 0.000000
460037 510060 1.534011 0.000000
460037 510060 1.572963 0.000000
460037 550064 0.307836 0.000000
460037 550064 0.324488 0.000000
460037 590068 0.125753 0.000000
460037 590068 0.094551 0.000000
460037 630072 0.066018 0.000000
460037 630072 0.033923 0.000000
460039 500057 2.851948 0.000000
460039 500057 2.603151 0.000000
460039 530060 0.570023 0.000000
460039 530060 0.573828 0.000000
460039 560063 0.203822 0.000000
460039 560063 0.179827 0.000000
460039 590066 0.080730 0.000000
460039 590066 0.079448 0.000000
460047 380037 0.040512 0.000000
460047 380037 0.046395 0.000000
460047 390038 0.066939 0.000000
460047 400039 0.153188 0.000000
460047 400039 0.112914 0.000000
460047 410040 0.311483 0.000000
460047 410040 0.251833 0.000000
460047 420041 0.571606 0.000000
460047 420041 0.591819 0.000000
460047 430042 1.420657 0.000000
460047 430042 1.341814 0.000000
460047 440043 3.219652 0.000000
460047 440043 3.387639 0.000000
460047 450044 15.013255 0.000000
460047 450044 12.728677 0.000000
470034 530066 1.012186 0.000000
470034 530066 1.026317 0.000000
470034 540067 0.764170 0.000000
470034 540067 0.679317 0.000000
470034 550068 0.417536 0.000000
470034 550068 0.460166 0.000000
470034 560069 0.417771 0.000000
470034 560069 0.326876 0.000000
470034 570070 0.269157 0.000000
470034 570070 0.274367 0.000000
470034 580071 0.248662 0.000000
470034 580071 0.190239 0.000000
470034 590072 0.159130 0.000000
470034 590072 0.169846 0.000000
470036 490060 10.518661 0.000000
470036 490060 11.196363 0.000000
470036 500061 5.151976 0.000000
470036 500061 5.444407 0.000000
470036 510062 2.820382 0.000000
470036 510062 2.743997 0.000000
470036 520063 1.702750 0.000000
470036 520063 1.380566 0.000000
470036 530064 0.910796 0.000000
470036 530064 0.940654 0.000000
470036 540065 0.736703 0.000000
470036 540065 0.687985 0.000000
470036 550066 0.426784 0.000000
470036 550066 0.474223 0.000000
470036 560067 0.371841 0.000000
470036 560067 0.302436 0.000000
470036 570068 0.294516 0.000000
470036 570068 0.306009 0.000000
470036 580069 0.195275 0.000000
470036 580069 0.161990 0.000000
470038 500059 5.120373 0.000000
470038 500059 4.632158 0.000000
470038 540063 0.655068 0.000000
470038 540063 0.676972 0.000000
470038 580067 0.202562 0.000000
470038 580067 0.195961 0.000000
470038 620071 0.065563 0.000000
470038 620071 0.068247 0.000000
470040 490056 9.883784 0.000000
470040 490056 10.972217 0.000000
470040 520059 1.305234 0.000000
470040 520059 1.324204 0.000000
470040 550062 0.349628 0.000000
470040 550062 0.344326 0.000000
470040 580065 0.179302 0.000000
470040 580065 0.149391 0.000000
470048 390038 0.071793 0.000000
470048 390038 0.049473 0.000000
470048 400039 0.062987 0.000000
470048 410040 0.157660 0.000000
470048 410040 0.138061 0.000000
470048 420041 0.284288 0.000000
470048 420041 0.295591 0.000000
470048 430042 0.625143 0.000000
470048 430042 0.635079 0.000000
470048 440043 1.227655 0.000000
470048 440043 1.305785 0.000000
470048 450044 3.582641 0.000000
470048 450044 3.554414 0.000000
470048 460045 11.261970 0.000000
470048 460045 13.394756 0.000000
480035 520065 2.580579 0.000000
480035 520065 2.587719 0.000000
480035 530066 1.633168 0.000000
480035 530066 1.530108 0.000000
480035 540067 0.958943 0.000000
480035 540067 0.953153 0.000000
480035 550068 0.685936 0.000000
480035 550068 0.700309 0.000000
480035 560069 0.400978 0.000000
480035 560069 0.453923 0.000000
480035 570070 0.363699 0.000000
480035 570070 0.424705 0.000000
480035 580071 0.274991 0.000000
480035 580071 0.272589 0.000000
480035 590072 0.188533 0.000000
480035 590072 0.244028 0.000000
480037 490060 29.784346 0.000000
480037 490060 29.518035 0.000000
480037 500061 11.748279 0.000000
480037 500061 11.310028 0.000000
480037 510062 5.135113 0.000000
480037 510062 5.003037 0.000000
480037 520063 2.767730 0.000000
480037 520063 2.632754 0.000000
480037 530064 1.432717 0.000000
480037 530064 1.626774 0.000000
480037 540065 0.852023 0.000000
480037 540065 0.994293 0.000000
480037 550066 0.654758 0.000000
480037 550066 0.652558 0.000000
480037 560067 0.459755 0.000000
480037 560067 0.391707 0.000000
480037 570068 0.348174 0.000000
480037 570068 0.343711 0.000000
480039 490058 32.735947 0.000000
480039 490058 27.661543 0.000000
480039 530062 1.379299 0.000000
480039 530062 1.546133 0.000000
480039 570066 0.318804 0.000000
480039 570066 0.341901 0.000000
480039 610070 0.116234 0.000000
480039 610070 0.084335 0.000000
480041 510058 4.689423 0.000000
480041 510058 5.149482 0.000000
480041 540061 0.823709 0.000000
480041 540061 0.787137 0.000000
480041 570064 0.293531 0.000000
480041 570064 0.298492 0.000000
490050 520051 14.757897 0.000000
490050 520051 14.119215 0.000000
490050 530052 3.383075 0.000000
490050 530052 2.931445 0.000000
490050 540053 1.278576 0.000000
490050 540053 1.227462 0.000000
490050 550054 0.471836 0.000000
490050 550054 0.512664 0.000000
490050 560055 0.214253 0.000000
490050 560055 0.240087 0.000000
490050 570056 0.110563 0.000000
490050 570056 0.123260 0.000000
490050 580057 0.072695 0.000000
490050 590058 0.063671 0.000000
490050 590058 0.023267 0.000000
490052 580055 3.181217 0.000000
490052 580055 2.850288 0.000000
490052 590056 1.435356 0.000000
490052 590056 1.504828 0.000000
490052 600057 0.758832 0.000000
490052 600057 0.774085 0.000000
490052 610058 0.482811 0.000000
490052 610058 0.451867 0.000000
490052 620059 0.255849 0.000000
490052 630060 0.170750 0.000000
490052 630060 0.181152 0.000000
490052 640061 0.104566 0.000000
490052 670064 0.068622 0.000000
490052 670064 0.045660 0.000000
490052 680065 0.023613 0.000000
490052 680065 0.061904 0.000000
490052 690066 0.014396 0.000000
490052 690066 0.039352 0.000000
490052 700067 0.007931 0.000000
490052 700067 0.034564 0.000000
490056 700063 0.555004 0.000000
490056 700063 0.494614 0.000000
500051 530052 11.688158 0.000000
500051 530052 12.501420 0.000000
500051 540053 3.175714 0.000000
500051 540053 3.062327 0.000000
500051 550054 1.070159 0.000000
500051 550054 1.177320 0.000000
500051 560055 0.394679 0.000000
500051 570056 0.199964 0.000000
500051 570056 0.234247 0.000000
500051 580057 0.095423 0.000000
500051 590058 0.057436 0.000000
500051 590058 0.071492 0.000000
500051 600059 0.028184 0.000000
500057 710064 0.564611 0.000000
500057 710064 0.550095 0.000000
510052 540053 13.374235 0.000000
510052 540053 15.915018 0.000000
510052 550054 3.746481 0.000000
510052 550054 3.505258 0.000000
510052 560055 1.199967 0.000000
510052 560055 1.226084 0.000000
510052 570056 0.456434 0.000000
510052 580057 0.248715 0.000000
510052 580057 0.201439 0.000000
510052 590058 0.111514 0.000000
510052 600059 0.078425 0.000000
510052 610060 0.050638 0.000000
510052 610060 0.060700 0.000000
510054 600057 2.961134 0.000000
510054 600057 3.274198 0.000000
510054 610058 1.602511 0.000000
510054 610058 1.487084 0.000000
510054 620059 0.790679 0.000000
510054 620059 0.669588 0.000000
510054 630060 0.408627 0.000000
510054 630060 0.389666 0.000000
510054 640061 0.251435 0.000000
510054 640061 0.241527 0.000000
510054 650062 0.179877 0.000000
510054 660063 0.125551 0.000000
510054 700067 0.029440 0.000000
510054 710068 0.037227 0.000000
510054 710068 0.014254 0.000000
510054 720069 0.011970 0.000000
510054 720069 0.037291 0.000000
510058 720065 0.546099 0.000000
520053 550054 12.949379 0.000000
520053 550054 14.764540 0.000000
520053 560055 3.151410 0.000000
520053 560055 3.402004 0.000000
520053 570056 1.352561 0.000000
520053 570056 1.130607 0.000000
520053 580057 0.463111 0.000000
520053 580057 0.509663 0.000000
520053 590058 0.233729 0.000000
520053 590058 0.265570 0.000000
520053 600059 0.139381 0.000000
520053 600059 0.114859 0.000000
520053 610060 0.064510 0.000000
520053 620061 0.012340 0.000000
520053 620061 0.043126 0.000000
530054 560055 13.054923 0.000000
530054 560055 11.718336 0.000000
530054 570056 3.258312 0.000000
530054 570056 3.495774 0.000000
530054 580057 1.228174 0.000000
530054 580057 1.094614 0.000000
530054 590058 0.550282 0.000000
530054 590058 0.481493 0.000000
530054 600059 0.215072 0.000000
530054 610060 0.130445 0.000000
530054 610060 0.121711 0.000000
530054 620061 0.070837 0.000000
530054 620061 0.053929 0.000000
530054 630062 0.038616 0.000000
530054 630062 0.055782 0.000000
530056 620059 3.213030 0.000000
530056 620059 3.212627 0.000000
530056 630060 1.369819 0.000000
530056 630060 1.488519 0.000000
530056 640061 0.772101 0.000000
530056 640061 0.783996 0.000000
530056 650062 0.476665 0.000000
530056 650062 0.445354 0.000000
530056 660063 0.318985 0.000000
530056 660063 0.366955 0.000000
530056 670064 0.253422 0.000000
530056 680065 0.124050 0.000000
530056 700067 0.057560 0.000000
530056 710068 0.033471 0.000000
530056 720069 0.043094 0.000000
540055 570056 15.198886 0.000000
540055 570056 14.054028 0.000000
540055 580057 3.372915 0.000000
540055 580057 3.266855 0.000000
540055 590058 1.260771 0.000000
540055 590058 1.231607 0.000000
540055 600059 0.533147 0.000000
540055 600059 0.516735 0.000000
540055 610060 0.239628 0.000000
540055 610060 0.252422 0.000000
540055 620061 0.141763 0.000000
540055 620061 0.107850 0.000000
540055 630062 0.061755 0.000000
540055 630062 0.070172 0.000000
540055 640063 0.043963 0.000000
540055 640063 0.070326 0.000000
550056 580057 12.932255 0.000000
550056 580057 13.705981 0.000000
550056 590058 3.345735 0.000000
550056 590058 3.247945 0.000000
550056 600059 1.298927 0.000000
550056 600059 1.188592 0.000000
550056 610060 0.469502 0.000000
550056 620061 0.206699 0.000000
550056 620061 0.232211 0.000000
550056 630062 0.126193 0.000000
550056 630062 0.141206 0.000000
550056 640063 0.066019 0.000000
550056 640063 0.065749 0.000000
550056 650064 0.055004 0.000000
550056 650064 0.054737 0.000000
550058 640061 3.502950 0.000000
550058 640061 3.448719 0.000000
550058 650062 1.589986 0.000000
550058 650062 1.730638 0.000000
550058 660063 0.975250 0.000000
550058 660063 0.899167 0.000000
550058 670064 0.577950 0.000000
550058 670064 0.603651 0.000000
550058 680065 0.293440 0.000000
550058 680065 0.279603 0.000000
550058 690066 0.168469 0.000000
550058 690066 0.178875 0.000000
550058 700067 0.108084 0.000000
550058 700067 0.132169 0.000000
550058 710068 0.060630 0.000000
550058 710068 0.079161 0.000000
550058 720069 0.082160 0.000000
560057 590058 15.918983 0.000000
560057 590058 14.092536 0.000000
560057 600059 3.728802 0.000000
560057 600059 3.228784 0.000000
560057 610060 1.222788 0.000000
560057 610060 1.249976 0.000000
560057 620061 0.439611 0.000000
560057 630062 0.240115 0.000000
560057 640063 0.172378 0.000000
560057 650064 0.099009 0.000000
560057 650064 0.101985 0.000000
560057 660065 0.030567 0.000000
560057 660065 0.042011 0.000000
570058 600059 13.239205 0.000000
570058 600059 13.791960 0.000000
570058 610060 3.776711 0.000000
570058 610060 3.420041 0.000000
570058 620061 1.222795 0.000000
570058 620061 1.022285 0.000000
570058 630062 0.536030 0.000000
570058 630062 0.586182 0.000000
570058 640063 0.280546 0.000000
570058 650064 0.191810 0.000000
570058 650064 0.166315 0.000000
570058 660065 0.091622 0.000000
570058 660065 0.104935 0.000000
570058 670066 0.030208 0.000000
570058 670066 0.034287 0.000000
570060 660063 4.299027 0.000000
570060 660063 4.088190 0.000000
570060 670064 1.658636 0.000000
570060 670064 2.041040 0.000000
570060 680065 0.801073 0.000000
570060 680065 0.808156 0.000000
570060 690066 0.406508 0.000000
570060 690066 0.428232 0.000000
570060 700067 0.206444 0.000000
570060 700067 0.238618 0.000000
570060 710068 0.169039 0.000000
570060 720069 0.136453 0.000000
580059 610060 14.991990 0.000000
580059 610060 16.120264 0.000000
580059 620061 2.948687 0.000000
580059 620061 3.121453 0.000000
580059 630062 1.225441 0.000000
580059 630062 1.188160 0.000000
580059 640063 0.535526 0.000000
580059 650064 0.298339 0.000000
580059 650064 0.349239 0.000000
580059 660065 0.144188 0.000000
580059 660065 0.127122 0.000000
580059 680067 0.055399 0.000000
580059 680067 0.027524 0.000000
590060 620061 13.549540 0.000000
590060 620061 13.865952 0.000000
590060 630062 3.503266 0.000000
590060 630062 3.729416 0.000000
590060 640063 1.595359 0.000000
590060 640063 1.459934 0.000000
590060 650064 0.784205 0.000000
590060 660065 0.300817 0.000000
590060 670066 0.131712 0.000000
590060 670066 0.118039 0.000000
590060 680067 0.062532 0.000000
590060 690068 0.042437 0.000000
590060 690068 0.023453 0.000000
590062 680065 3.291294 0.000000
590062 680065 3.330447 0.000000
590062 690066 1.229351 0.000000
590062 690066 1.239017 0.000000
590062 700067 0.645249 0.000000
590062 710068 0.312210 0.000000
590062 710068 0.316019 0.000000
590062 720069 0.245981 0.000000
590062 720069 0.211359 0.000000
600061 630062 15.764562 0.000000
600061 630062 15.009949 0.000000
600061 640063 4.549076 0.000000
600061 640063 4.352581 0.000000
600061 650064 1.875000 0.000000
600061 650064 1.772755 0.000000
600061 660065 0.631794 0.000000
600061 660065 0.521243 0.000000
600061 670066 0.252228 0.000000
600061 670066 0.226624 0.000000
600061 680067 0.120908 0.000000
600061 690068 0.047034 0.000000
600061 690068 0.019369 0.000000
600061 700069 0.025052 0.000000
600061 700069 0.026413 0.000000
610062 640063 18.202824 0.000000
610062 640063 16.744781 0.000000
610062 650064 4.511554 0.000000
610062 650064 4.636915 0.000000
610062 660065 1.172254 0.000000
610062 660065 1.313571 0.000000
610062 670066 0.423925 0.000000
610062 670066 0.362547 0.000000
610062 680067 0.204401 0.000000
610062 690068 0.075429 0.000000
610062 690068 0.068992 0.000000
610062 700069 0.032998 0.000000
610062 700069 0.031082 0.000000
610062 710070 0.025731 0.000000
610062 710070 0.029365 0.000000
610064 700067 1.915856 0.000000
610064 710068 0.922148 0.000000
610064 720069 0.694133 0.000000
610064 720069 0.609421 0.000000
620063 650064 15.519065 0.000000
620063 650064 15.682790 0.000000
620063 660065 2.872965 0.000000
620063 670066 0.904106 0.000000
620063 670066 0.951283 0.000000
620063 680067 0.353483 0.000000
620063 680067 0.333029 0.000000
620063 690068 0.091341 0.000000
620063 710070 0.053108 0.000000
620063 720071 0.008653 0.000000
620063 720071 0.025816 0.000000
630064 660065 11.613946 0.000000
630064 660065 12.117330 0.000000
630064 670066 2.493429 0.000000
630064 670066 2.558240 0.000000
630064 680067 0.958967 0.000000
630064 680067 0.916221 0.000000
630064 690068 0.297855 0.000000
630064 700069 0.137057 0.000000
630064 710070 0.117605 0.000000
630064 710070 0.168885 0.000000
630064 720071 0.072915 0.000000
630066 720069 3.708991 0.000000
640065 670066 13.131947 0.000000
640065 670066 13.358035 0.000000
640065 680067 2.824043 0.000000
640065 680067 2.946779 0.000000
640065 690068 0.885526 0.000000
640065 690068 0.792628 0.000000
640065 700069 0.398167 0.000000
640065 710070 0.332073 0.000000
640065 720071 0.165813 0.000000
640065 720071 0.126076 0.000000
650066 680067 15.402100 0.000000
650066 680067 16.070526 0.000000
650066 690068 2.949230 0.000000
650066 690068 2.782720 0.000000
650066 700069 1.360054 0.000000
650066 700069 1.368731 0.000000
650066 710070 0.952829 0.000000
650066 720071 0.431635 0.000000
660067 690068 13.926139 0.000000
660067 690068 13.949207 0.000000
660067 700069 4.374361 0.000000
660067 700069 4.251434 0.000000
660067 710070 2.236891 0.000000
660067 710070 2.184422 0.000000
660067 720071 0.874948 0.000000
670068 700069 30.637993 0.000000
670068 700069 26.910769 0.000000
670068 710070 8.053098 0.000000
670068 710070 8.406143 0.000000
670068 720071 2.695383 0.000000
670068 720071 2.787355 0.000000
680069 710070 28.828162 0.000000
680069 710070 27.065598 0.000000
680069 720071 5.189560 0.000000
680069 720071 5.325266 0.000000
690070 720071 18.050844 0.000000
690070 720071 16.366281 0.000000
